# Created by Octave 4.0.1, Wed Aug 24 15:38:29 2016 China Standard Time <unknown@UDU-PC>
# name: v
# type: range
# base, limit, increment
1 6 1


