# Created by Octave 4.0.1, Fri Jan 27 16:14:31 2017 FLE Standard Time <unknown@UDU-PC>
# name: all_theta
# type: matrix
# rows: 4
# columns: 3
 -2.631678477481307 -0.7566878259551824 -1.134498441015184
 -3.124731822729383 2.750758121276377 1.833677884971014
 -4.589101785935332 -2.531110247685356 2.757807236922578
 -1.730718731469185 0.5328233268999447 -1.405075276213907


