# Created by Octave 4.0.1, Wed May 24 17:32:40 2017 Hiina standardaeg <unknown@UDU-PC>
# name: all_theta
# type: matrix
# rows: 10
# columns: 401
 -3.161758598897134 0 0 7.575995939433036e-005 -0.0006999145583918277 -0.0007631232874181849 0.001186123613703165 -0.01502339330895772 -0.0004229522473480919 0.0004645374323204233 0.0004647761048834958 7.513371881690713e-005 0.0003244617054285232 0.001433358324810972 0.001313515941635465 0.003858339729687132 0.005068352267287705 0.0004277746159937863 -7.217006096384683e-005 -9.857213558369002e-008 0 -1.784307009995272e-008 8.734285035658731e-006 -0.0009659579814192757 0.007946545101614185 0.009139001367429267 0.001773824146886282 -0.020200096850008 0.0001761985838154211 -0.0002449168324781037 -0.009067702937270739 -0.001195678910025765 -0.00353196988110246 -0.01554330204098574 -0.009496232026653076 -0.03495771447124089 -0.0477190962544043 0.005015306086895393 0.008175544552741186 0.0003113366838405296 0.000159025989959595 1.443589663682926e-007 -0.0002421478919208174 0.0002944882794683619 0.02252672768216499 0.05468591168174321 0.08058663806400954 0.07942462276695143 -0.05349658931027158 -0.07985256280240942 -0.02300451964404382 -0.03458051180620525 -0.0046199582100131 -0.04830879826038126 -0.1475637361408651 -0.2474894732865412 -0.1962023536939702 -0.04442579488047187 0.04333484981542371 0.0005709660819963336 -0.0004125561932831458 7.272869609810564e-007 0.001090215800913698 0.004435321875468799 -0.1390726596393019 -0.5134864369260106 -0.8239355516698327 -1.126572923744091 -0.6647337052717497 -0.7182333383727707 -0.06197046753604978 0.291804517486274 -0.09853559255540766 -0.01402198122468907 -0.4825581490270684 -0.6352870753304041 -0.9392319155586073 -1.23360539215149 -1.183253579459422 -0.03154992634192647 -0.01592825316021505 1.607679540009238e-006 0.005651232109485215 -0.0451559591105378 -0.1129117953830591 -0.3389825987218443 -2.59162904611863 -2.039719678412454 -0.00211059699133036 1.220375283394498 1.82007790035687 0.03120853889510153 -0.4427072187928565 0.009561275113338177 -1.012779752000996 -0.976581037979962 1.631883578328228 0.2230932579856868 -1.096114194828981 -0.2192511071623033 -0.03650218015479446 -1.866428895166517e-005 -0.01389491800349756 -0.1043011728924116 1.380068069574247 0.1369232886060504 -0.7509510066677791 -1.352582702548907 -0.6960565662557163 2.063361754739534 1.355446522934766 -1.750792811508725 -1.109731422461172 -0.2084495282669524 -1.531887667499696 -1.476784527815239 3.432556787440667 0.8706138661802251 -2.847999397928312 -0.6317830103596118 -0.04122302376016211 -0.000140248825628594 0.01211938206263179 -0.6905869068846916 -0.3054732250478467 -0.5039680782460243 -1.347552536630929 -0.6569844620719836 -0.9031209603399784 -0.5009618549707638 -1.054842483253255 -0.9119660542201511 -0.6385412892597399 -0.2425550478865419 -0.8751568735661051 -1.685718526671286 -1.693338953681194 -0.06831272967416334 -1.639692617291244 -1.027317505529287 -0.0266317579966893 -0.0007154551449266165 0.04278237272928884 -1.393192870369023 -2.414754398754805 -0.8590776619111968 -1.045291214325622 0.03724815238162107 -0.6950642148109969 0.6306184058399527 -2.144218173813518 -2.160951476340066 -1.129461152831608 -2.050112344462092 1.235097093923927 2.036938983156734 -0.7608744220200955 -0.1179552028914513 -0.03790996770117521 -2.245965990242543 -0.00456825497110738 0.01726298331815773 -0.2109914272475963 -1.068983200515528 -0.5751812974830193 -1.7230359939868 -1.255982891713945 0.2453779320240883 0.1788794368452781 -0.384471619513564 -2.085015347953307 -0.5444628640489272 0.4812805322914852 -0.8290931950103263 -1.698259525935069 0.4986616853508249 -0.1623824669896113 -0.9084516842466507 -1.425269368232854 -2.655711060236278 -0.3993577200662023 0.03553252784048407 -0.4034629059685841 -0.1945769893101159 -0.6605850642021086 -0.8693870968553441 -0.4312098715563164 -0.2525048399730374 0.1650377082868448 0.438548290660203 0.5107554562292276 1.060047526154832 0.6487643036004832 0.8387748937718842 0.6277542570488559 0.1194158968693764 -1.373523116333716 -0.214336275752511 -0.2789137348271689 -1.934064816360635 -0.1157048249997557 0.02310686635758454 -0.2200423661180682 0.6236316372730913 -1.287156975014342 -2.140022058540608 0.2824880608509606 -0.3623759555730726 0.5668634204983937 2.814172527195965 2.798772543680041 1.882894838825712 2.151273422208721 0.04300789654302659 1.202173650719634 0.02214168367219365 0.08978146925522407 -0.2432851870660517 -1.494124516684401 -1.494088187551323 0.03676655872314785 0.006916721938456547 -0.1431870630881118 0.4569064075454052 1.936326733470968 0.5916026884615686 -0.495104243962908 -0.8349128929673547 1.715412841559565 1.258615830780828 0.4260677767834075 -0.8481676593779638 0.1690062566057525 -1.74700264413519 -1.086218696527204 0.5933922624310043 0.8139998931068452 0.7523655623367994 -2.474906404124777 -1.643360088098271 -0.0572915429675607 0.01993070160762839 -0.1733826694731498 -2.061039164182253 -2.41855291320724 -1.267429255013873 -1.859403786856935 -0.4374938633589028 -0.01938715081264883 0.1188662321237514 0.1339004977758528 0.807697775160617 0.9433250836811088 -0.936664584344315 -0.7661909630276947 -1.047217945681253 -1.034860040032922 1.991046753842466 0.5879906749266784 -0.7776192833161201 -0.1042532388993523 0.01617846962915765 -0.2177406322386706 -0.8488290518970375 1.266610004720408 0.6452798997085002 1.694112337683029 -0.7844151722926869 -1.152484637767192 1.060204717411374 -1.298221772512014 -1.246528733508637 -2.265983688929662 -1.196000761129975 1.143418784454225 1.48760269030933 -0.7374727379987314 1.092645415953901 0.3369318962045595 -0.6391151791643126 -0.03208692989006354 0.002353838158239688 -0.01643700367597778 -0.484467938545257 -0.5252930878024116 -0.1694588891033071 -0.4619830951351201 -1.012301531123962 -0.750378307675861 -2.126669616666474 -1.919305434833679 -1.028855145618453 -1.751202862977922 -1.22032170993472 1.646565182047108 -0.7721808858044261 -0.278980628508691 1.882734702461273 -0.99551035226937 -0.5639460619732096 -0.03278173208007766 -0.0001384085817649577 0.0143799015762949 -0.1379276739086074 -1.049154777283416 -0.9740267892311864 0.8245163572379718 -0.4189443639408454 -1.351157042271081 -1.112598006044043 -0.8384606737037229 -1.159285318286013 -1.486017015278666 -1.395036966936186 -1.237167629127727 -0.5969134351315811 0.4928126812410336 0.1311148776783281 -1.186934707441742 -0.01382380784587572 -0.006877925816340797 -1.237547034845566e-005 -0.01120704891377699 0.07755794003042053 0.6098308890712723 -0.8265738827613506 -0.9086952462366996 -1.122913444113221 -0.8769468066630638 -0.4248565231562654 -0.3008447000588133 -0.185507207253821 -0.3163490389562194 -0.8123585396480244 0.1950110783036908 0.6842624849912439 0.2190755927909619 -0.4715643162860348 -0.3645454156630624 -0.01453193753790097 -0.005122978755361818 1.029783289027712e-005 -0.005437764369365899 0.03723879900941556 0.3267965615421399 -0.8386484283807448 -1.233013048938355 -0.672950351142369 -0.02345429802830691 -0.02948406017390183 -0.2503356562637414 -0.0453775398684002 -0.1154110244682431 -0.3165059863705221 0.4224531573625407 2.107691260305833 2.329141869226632 0.5356435921648632 -0.1881099133343679 -0.0132266315563738 0.0004332150787934713 -3.601791732933481e-007 0.0007321335277793851 0.002212287728233979 -0.08975885953894686 -0.3280479367170631 -0.1383072821817053 -0.1605134629298745 0.5455574804819884 0.4088258732035412 -0.116618605293586 0.2209431150609358 0.02548523451103163 -0.1010767773386753 -0.006215846559011145 0.4553408843099221 1.462797198389065 0.3808394330026787 -0.03893667963533541 0.0007755332938772446 5.476287459699192e-005 0 -4.294614357241359e-005 0.00105463106406127 -0.005495959265750473 0.00553085069483748 -0.006368056029313877 0.005246013474498382 -0.05278044028439494 -0.04674060601672339 0.003462542373824225 0.03919557007240538 0.001766283333095179 0.05100033049507396 0.2780741167933277 -0.01329591081047648 -0.1332164313689714 